325
3915
9072
8370
7587
7891
134
5001
4184
5609
807
4022
8821
8217
7483
6473
7842
7244
7991
9265
1021
2932
4522
6384
1436
470
2551
8619
4008
6497
4287
6943
412
3359
5313
4351
7603
1799
9352
1787
7408
6511
2161
2582
4729
9644
5407
2571
3241
3398
8188
614
2683
2710
3350
471
9532
2254
5442
9892
8751
9729
3187
9163
3089
8500
9866
692
299
9219
8831
4060
2082
992
2994
6811
6988
4753
5734
6581
4503
275
7196
7186
9337
6898
4010
5222
9152
9452
1466
7903
5534
4654
3418
4975
9506
3285
2019
6158
8856
850
6570
938
8194
9564
4102
5182
4317
6188
1764
5172
6463
5312
2359
5801
2210
2721
1023
1363
8525
2489
5618
4059
3495
9037
5386
3002
8674
7405
9160
7530
8255
5730
4820
6449
1646
5274
7984
2315
1463
6100
7487
7926
1412
6198
79
3622
8919
7454
1337
3797
9944
3308
4208
9791
8697
9595
2793
7371
7000
8305
1253
1608
387
6073
8057
2033
1348
2393
4348
2811
8493
8188
7089
9905
4386
3521
9880
9658
975
7569
3455
7271
877
7663
7063
9574
3610
9856
6945
611
4514
8198
2219
4901
624
6628
6935
8324
9022
7635
7487
7515
5823
4576
3773
6562
8097
5
6220
5425
7574
6027
2696
4804
42
9759
4378
3653
5968
7676
4264
482
2226
2835
5383
9202
9463
8670
7526
4837
6306
5013
8705
8481
5942
2478
5043
391
2483
1263
5816
6409
3642
4865
1213
3685
4624
1944
3690
592
5972
7954
7426
8198
789
2810
3753
6604
7832
1279
1442
4138
2645
6499
2620
4939
8977
7663
5330
7812
5279
7499
573
8921
2364
1787
8958
3340
83
2648
285
6055
6954
7711
605
4095
6873
4358
700
4706
5638
8494
8844
8283
4993
7816
3222
322
1832
4904
4486
7111
8755
5059
2384
1119
3198
7695
812
3281
343
1097
9336
3650
8808
9942
7745
2034
4300
4797
6740
6290
9643
1936
