29
2 41
35 6
3 4
1 3 6
4 41
8 35 6 12
5 41
8 35 6 21 12
6 39
8 35 6 21 12 3
7 89
8 35 6 21 12 70 1
8 77
8 35 6 21 12 42 4 9
9 100
8 35 6 21 12 5 8 0 1 
10 112
8 35 6 21 12 1 2 8 5 7
11 30
8 35 6 21 12 1 5 7 2 4 7
12 23
8 35 6 21 12 1 2 5 8 8 7 2
13 80
8 35 6 21 12 1 4 7 8 5 3 9 9
14 244
8 35 6 21 12 1 4 7 8 5 3 9 9 10
15 15
8 35 6 21 12 1 4 7 8 5 3 9 9 10 87
16 99
8 35 6 21 12 1 4 7 8 5 3 9 9 10 87 7
17 168
8 35 6 21 12 1 4 7 8 5 3 9 9 10 87 7 4
18 800
8 35 6 21 12 1 4 7 8 5 3 9 9 10 87 7 4 3
19 57
8 35 6 21 12 1 4 7 8 5 3 9 9 10 87 7 4 3 6
20 101
8 35 6 21 12 1 4 7 8 5 3 9 9 10 87 7 4 3 6 5
21 158
8 35 6 21 12 1 4 7 8 5 3 9 9 10 87 7 4 3 6 5 8
22 163
8 35 6 21 12 1 4 7 8 5 3 9 9 10 87 7 4 3 6 5 8 10
23 363
8 35 6 21 12 1 4 7 8 5 3 9 9 10 87 7 4 3 6 5 8 10 55
24 388
8 35 6 21 12 1 4 7 8 5 3 9 9 10 87 7 4 3 6 5 8 10 55 24
25 590
8 35 6 21 12 1 4 7 8 5 3 9 9 10 87 7 4 3 6 5 8 10 55 24 55
26 350
8 35 6 21 12 1 4 7 8 5 3 9 9 10 87 7 4 3 6 5 8 10 55 24 55 7
27 480
8 35 6 21 12 1 4 7 8 5 3 9 9 10 87 7 4 3 6 5 8 10 55 24 55 7 9
28 781
8 35 6 21 12 1 4 7 8 5 3 9 9 10 87 7 4 3 6 5 8 10 55 24 55 7 9 1
29 555
8 35 6 21 12 1 4 7 8 5 3 9 9 10 87 7 4 3 6 5 8 10 55 24 55 7 9 1 3
30 1000
8 35 6 21 12 1 4 7 8 5 3 9 9 10 87 7 4 3 6 5 8 10 55 24 55 7 9 1 4 8